135 
146 
157 
168 
229 
235 
240 
245 
254 
262 
274 
279 
285 
290 
297 
300 
305 
308 
313 
324 
336 
347 
363 
369 
376 
379 
385 
391 
403 
413 
420 
424 
429 
436 
441 
453 
458 
465 
468 
475 
481 
493 
497 
503 
509 
515 
521 
526 
531 
544 
549 
555 
558 
565 
570 
582 
592 
600 
603 
608 
614 
620 
632 
638 
644 
647 
654 
660 
670 
675 
681 
688 
693 
704 
715 
733 
737 
749 
760 
777 
784 
794 
806 
822 
828 
839 
850 
866 
872 
883 
894 
912 
918 
928 
939 
955 
961 
973 
984 
1002 
1008 
1018 
1030 
1052 
1080 
1086 
1092 
1095 
1101 
1106 
1112 
1118 
1124 
1129 
1134 
1139 
1145 
1152 
1157 
1162 
1174 
1181 
1184 
1190 
1197 
1202 
1208 
1213 
1219 
1224 
1230 
1236 
1241 
1246 
1438 
1460 
1466 
1470 
1481 
1486 
1492 
1497 
1506 
1514 
1526 
1531 
1536 
1542 
1548 
1552 
1557 
1566 
1577 
1587 
1599 
1615 
1620 
1626 
1633 
1639 
1643 
1647 
1659 
1665 
1671 
1677 
1686 
1694 
1706 
1711 
1717 
1723 
1728 
1735 
1740 
1744 
1755 
1767 
1778 
1794 
1800 
1806 
1809 
1816 
1823 
1836 
1843 
1851 
1854 
1861 
1867 
1872 
1885 
1890 
1896 
1899 
1906 
1912 
1923 
1928 
1934 
1940 
1946 
1952 
1957 
1963 
1974 
1980 
1986 
1988 
1996 
2002 
2013 
2022 
2030 
2033 
2039 
2045 
2051 
2064 
2069 
2076 
2078 
2085 
2091 
2102 
2107 
2113 
2119 
2125 
2135 
2145 
2163 
2169 
2179 
2192 
2209 
2215 
2224 
2235 
2253 
2259 
2269 
2281 
2297 
2304 
2314 
2326 
2343 
2348 
2358 
2371 
2387 
2393 
2403 
2415 
2431 
2437 
2448 
2460 
2482 
2509 
2515 
2522 
2525 
2531 
2538 
2544 
2549 
2555 
2560 
2566 
2571 
2577 
2581 
2587 
2594 
2605 
2613 
2616 
2622 
2628 
2633 
2639 
2645 
2650 
2655 
2661 
2666 
2672 
2677 
2690 
2695 
2701 
2705 
2711 
2717 
2722 
2728 
2734 
2741 
2746 
2761 
2773 
